R2D1 bob 9.6,29.4 14.7,11.4 22,30.3 15.1,5.4 70.8,40.4 -3.6,33.1 9.6,29.4
R2D2 1.4,2 2.8,5.6 1.4,0 0,0 -22.8,-36.1 20.9,22.8 -20.9,26.6 -17.1,-7.6 0,4.8 -11.4,15.2 9.6,19.2 1,9.6 0.6,7.2 0,4.8 1.4,2
R2D3 4,3 -1,-9 1,-3 -4,1 1,8 14,15 -1.5,3.7 4,3
R2D4 -18.1,-13.6 3.8,34.9 -4.5,13.6 22.4,-5.6 -1.4,-11.2 -77.1,-82.6 -12,-16.7 -38.8,-22.8 -48,24 -21.6,16.2 -16.2,0 -21.6,0 -18.1,-13.6
R2D5 1.4,2 2.8,5.6 1.4,0 0,0 -22.8,-36.1 20.9,22.8 -20.9,26.6 -17.1,-7.6 0,4.8 -11.4,15.2 9.6,19.2 1,9.6 0.6,7.2 0,4.8 1.4,2
C3P0 joes's 4,9 2,8 9,14 -17,4 -13,2 -14,2.9 -9,6 9,6 9,4 12,8 4,9
C3P1 2.7,-15.72 8.893,22.5 4.95,.2378 2.7,-15.72
C3P2 9.6,29.4 14.7,11.4 22,30.3 15.1,5.4 70.8,40.4 -3.6,33.1 9.6,29.4
C3P3 1.4,2 2.8,5.6 1.4,0 0,0 -22.8,-36.1 20.9,22.8 -20.9,26.6 -17.1,-7.6 0,4.8 -11.4,15.2 9.6,19.2 1,9.6 0.6,7.2 0,4.8 1.4,2
C3P4 4,3 -1,-9 1,-3 -4,1 1,8 14,15 -1.5,3.7 4,3
BB8 -18.1,-13.6 3.8,34.9 -4.5,13.6 22.4,-5.6 -1.4,-11.2 -77.1,-82.6 -12,-16.7 -38.8,-22.8 -48,24 -21.6,16.2 -16.2,0 -21.6,0 -18.1,-13.6
BB7 bill-i 1.4,2 2.8,5.6 1.4,0 0,0 -22.8,-36.1 20.9,22.8 -20.9,26.6 -17.1,-7.6 0,4.8 -11.4,15.2 9.6,19.2 1,9.6 0.6,7.2 0,4.8 1.4,2
BB6 4,9 2,8 9,14 -17,4 -13,2 -14,2.9 -9,6 9,6 9,4 12,8 4,9
BB5 2.7,-15.72 8.893,22.5 4.95,.2378 2.7,-15.72
BB4 9.6,29.4 14.7,11.4 22,30.3 15.1,5.4 70.8,40.4 -3.6,33.1 9.6,29.4
R1D6 1.4,2 2.8,5.6 1.4,0 0,0 -22.8,-36.1 20.9,22.8 -20.9,26.6 -17.1,-7.6 0,4.8 -11.4,15.2 9.6,19.2 1,9.6 0.6,7.2 0,4.8 1.4,2
R1D7 4,3 -1,-9 1,-3 -4,1 1,8 14,15 -1.5,3.7 4,3
R1D8 -18.1,-13.6 3.8,34.9 -4.5,13.6 22.4,-5.6 -1.4,-11.2 -77.1,-82.6 -12,-16.7 -38.8,-22.8 -48,24 -21.6,16.2 -16.2,0 -21.6,0 -18.1,-13.6
R1D9 1.4,2 2.8,5.6 1.4,0 0,0 -22.8,-36.1 20.9,22.8 -20.9,26.6 -17.1,-7.6 0,4.8 -11.4,15.2 9.6,19.2 1,9.6 0.6,7.2 0,4.8 1.4,2
R1D10 4,9 2,8 9,14 -17,4 -13,2 -14,2.9 -9,6 9,6 9,4 12,8 4,9
